3.1415927369231307 0.0010000000000000 1 0.001054
3.1415927369231307 0.0010000000000000 2 0.001096
3.1415927369231285 0.0010000000000000 3 0.000715
3.1415927369231271 0.0010000000000000 4 0.001850
3.1415926535904357 0.0000001000000000 1 0.261317
3.1415926535896048 0.0000001000000000 2 0.141159
3.1415926535897043 0.0000001000000000 3 0.090838
3.1415926535897656 0.0000001000000000 4 0.093238
3.1415926515893768 0.0000000010000000 1 25.856031
3.1415926515896055 0.0000000010000000 2 12.845952
3.1415926515897943 0.0000000010000000 3 8.907804
3.1415926515895665 0.0000000010000000 4 6.810004
