3.1415927369231307 0.0010000000000000 1 0.000340
3.1415927369231307 0.0010000000000000 2 0.000282
3.1415927369231285 0.0010000000000000 3 0.000391
3.1415927369231271 0.0010000000000000 4 0.000387
3.1415926535904357 0.0000001000000000 1 0.252190
3.1415926535896048 0.0000001000000000 2 0.126311
3.1415926535897043 0.0000001000000000 3 0.086074
3.1415926535897656 0.0000001000000000 4 0.098593
3.1415926515893768 0.0000000010000000 1 24.715589
3.1415926515896055 0.0000000010000000 2 12.445014
3.1415926515897943 0.0000000010000000 3 8.525442
3.1415926515895665 0.0000000010000000 4 7.399675
